response	Responder	Responder	Responder	Responder	Responder	Responder	Nonresponder	Nonresponder	Nonresponder	Nonresponder	Nonresponder	Nonresponder
sample	F0098	F0130	F0177	H0086	H0148	H0479	F0066	F0155	F0056	F0100	H0054	H0063
Cellular_Processes__Cell_Growth_and_Death__Apoptosis	0.0021345452	0.0016789529	0.0040500709	0.0021249866	0.0003205243	0.0009912123	0.0004620085	0.0001606098	0.0030704370	0.0008810252	0.0002741834	0.0004369419
Cellular_Processes__Cell_Growth_and_Death__Cell_cycle_Caulobacter	0.5035920	0.4880923	0.4869342	0.4994642	0.4673244	0.4815909	0.5108428	0.4806133	0.4970876	0.5321624	0.4487926	0.4886850
Cellular_Processes__Cell_Growth_and_Death__Meiosis_yeast	4.131378e-04	1.839948e-04	6.942979e-05	6.929304e-04	9.157836e-05	9.220580e-05	2.310042e-05	1.147213e-04	9.234397e-05	1.854790e-04	6.854586e-05	1.149847e-04
Cellular_Processes__Cell_Motility__Bacterial_chemotaxis	0.4059767	0.4839984	0.3356699	0.5047074	0.3074972	0.4777413	0.4092933	0.4073064	0.4830051	0.2764332	0.1387597	0.3779778
Cellular_Processes__Cell_Motility__Bacterial_motility_proteins	0.7524387	0.8860502	0.5778641	0.9569831	0.6177418	0.8001850	0.7508331	0.7437150	0.8498185	0.2935437	0.3143056	0.7371440
Cellular_Processes__Cell_Motility__Cytoskeleton_proteins	0.4285616	0.4263390	0.4380557	0.4119702	0.3602693	0.4387613	0.4665130	0.4390153	0.3970329	0.4173509	0.3243819	0.4971249
Cellular_Processes__Cell_Motility__Flagellar_assembly	0.28573068	0.35736398	0.21122856	0.40353958	0.20765394	0.29054047	0.28510542	0.28707849	0.35000673	0.09433925	0.05842392	0.28461017
Cellular_Processes__Transport_and_Catabolism__Lysosome	0.06192476	0.06911306	0.09740999	0.11571938	0.09569939	0.04137735	0.06445018	0.08294347	0.06676469	0.10161930	0.11926979	0.06961175
Cellular_Processes__Transport_and_Catabolism__Peroxisome	0.13144667	0.13597219	0.11694290	0.16018242	0.10442223	0.12069739	0.14058918	0.11504248	0.11921606	0.15985970	0.06598681	0.15486142
Environmental_Information_Processing__Membrane_Transport__ABC_transporters	3.641213	3.442566	3.670452	3.524198	3.096951	3.759622	3.586849	3.382763	3.698907	3.517957	2.978363	3.423578
Environmental_Information_Processing__Membrane_Transport__Bacterial_secretion_system	0.5185568	0.4964641	0.5425706	0.5093501	0.4111640	0.5181966	0.5509913	0.5153050	0.4842056	0.4940697	0.3719527	0.6059235
Environmental_Information_Processing__Membrane_Transport__Phosphotransferase_system_PTS	0.9063784	0.7026533	0.7665048	0.4910567	1.3777278	0.7361250	0.4907454	1.0047518	0.8380215	0.5640648	1.8967096	0.3912010
Environmental_Information_Processing__Membrane_Transport__Secretion_system	1.0577934	1.0787158	1.0285097	1.0726794	0.9481795	1.0756959	1.0685332	1.0791370	1.0694355	0.8664187	0.8524363	1.0895032
Environmental_Information_Processing__Membrane_Transport__Transporters	7.608713	7.491718	8.297276	7.479653	7.421075	8.084650	7.506598	7.499283	7.858749	7.205441	7.489755	6.913456
Environmental_Information_Processing__Signal_Transduction__MAPK_signaling_pathway_yeast	0.04292043	0.04588371	0.04716597	0.04668041	0.06888982	0.03835761	0.04148836	0.03817924	0.04072369	0.05432216	0.08152387	0.03564526
Environmental_Information_Processing__Signal_Transduction__Phosphatidylinositol_signaling_system	0.08024054	0.07343694	0.08736582	0.08070330	0.08235184	0.07611589	0.06542040	0.08966614	0.07888484	0.10449423	0.09413631	0.06970373
Environmental_Information_Processing__Signal_Transduction__Two_component_system	1.2678739	1.3537420	1.3269652	1.4241799	1.1642128	1.3662594	1.2830206	1.2829738	1.4020123	1.1196903	0.9767328	1.3010981
Environmental_Information_Processing__Signaling_Molecules_and_Interaction__Bacterial_toxins	0.1523331	0.1358572	0.1534167	0.1252587	0.2242754	0.1351045	0.1252505	0.1643726	0.1390700	0.1210714	0.3259813	0.1137889
Environmental_Information_Processing__Signaling_Molecules_and_Interaction__Cellular_antigens	0.014781152	0.011223685	0.014580255	0.025522937	0.006296012	0.005163525	0.012358726	0.033636274	0.008541817	0.020773647	0.005095242	0.028332234
Environmental_Information_Processing__Signaling_Molecules_and_Interaction__G_protein_coupled_receptors	0.000000e+00	0.000000e+00	0.000000e+00	0.000000e+00	0.000000e+00	2.305145e-05	0.000000e+00	0.000000e+00	0.000000e+00	0.000000e+00	0.000000e+00	0.000000e+00
Environmental_Information_Processing__Signaling_Molecules_and_Interaction__Ion_channels	0.013059744	0.012074661	0.011363342	0.005797518	0.006662326	0.005278782	0.003280260	0.016221586	0.017152892	0.003477731	0.001827890	0.004783364
Genetic_Information_Processing__Folding_Sorting_and_Degradation__Chaperones_and_folding_catalysts	0.9074342	0.9276790	0.9169823	0.9588540	0.8581350	0.9204213	0.9614858	0.9304583	0.9427396	0.9820185	0.8435025	0.9723338
Genetic_Information_Processing__Folding_Sorting_and_Degradation__Proteasome	0.04455002	0.03967389	0.04112558	0.04194539	0.04072948	0.04395911	0.04684766	0.04861887	0.03901533	0.04182551	0.04775362	0.04534997
Genetic_Information_Processing__Folding_Sorting_and_Degradation__Protein_export	0.5878262	0.5642892	0.5721477	0.5718524	0.5446394	0.5815881	0.5879982	0.5880382	0.5692082	0.5845370	0.5464476	0.5884228
Genetic_Information_Processing__Folding_Sorting_and_Degradation__Protein_processing_in_endoplasmic_reticulum	0.05070119	0.04811465	0.05410895	0.06201727	0.04981863	0.05082845	0.05599543	0.05552509	0.04497151	0.05919098	0.04933017	0.05841224
Genetic_Information_Processing__Folding_Sorting_and_Degradation__RNA_degradation	0.4312929	0.4308239	0.4269469	0.4467322	0.4667520	0.4263135	0.4423500	0.4379369	0.4339012	0.4316792	0.4975744	0.4545116
Genetic_Information_Processing__Folding_Sorting_and_Degradation__Sulfur_relay_system	0.2863274	0.2664935	0.2399493	0.2504943	0.2176131	0.2823803	0.2727929	0.2603025	0.2766394	0.2996645	0.1795673	0.2878527
Genetic_Information_Processing__Folding_Sorting_and_Degradation__Ubiquitin_system	0.0011935091	0.0012649645	0.0008563007	0.0039497034	0.0002518405	0.0001613601	0.0018942347	0.0023173695	0.0015929335	0.0041037226	0.0002284862	0.0031505812
Genetic_Information_Processing__Replication_and_Repair__Base_excision_repair	0.4387982	0.4422316	0.4517333	0.4301019	0.4678510	0.4377931	0.4436667	0.4864870	0.4441514	0.4289433	0.4971860	0.4335154
Genetic_Information_Processing__Replication_and_Repair__Chromosome	1.569258	1.558344	1.544165	1.539992	1.491766	1.534235	1.604717	1.584989	1.545815	1.491831	1.430072	1.637773
Genetic_Information_Processing__Replication_and_Repair__DNA_repair_and_recombination_proteins	2.846359	2.785797	2.834170	2.763407	2.831855	2.780581	2.869373	2.843045	2.731465	2.780307	2.858248	2.877079
Genetic_Information_Processing__Replication_and_Repair__DNA_replication	0.6618926	0.6330113	0.6421330	0.6265708	0.6807249	0.6205911	0.6487061	0.6817426	0.6224676	0.6621600	0.7341718	0.6477089
Genetic_Information_Processing__Replication_and_Repair__DNA_replication_proteins	1.256306	1.203119	1.267927	1.195952	1.214260	1.150959	1.264309	1.246424	1.168428	1.243358	1.243422	1.322071
Genetic_Information_Processing__Replication_and_Repair__Homologous_recombination	0.9407836	0.9290819	0.9132794	0.9122429	0.9473095	0.9036629	0.9550408	0.9350471	0.8997766	0.8922930	0.9608530	0.9612722
Genetic_Information_Processing__Replication_and_Repair__Mismatch_repair	0.8389451	0.8175581	0.7989517	0.7959230	0.8124832	0.8018216	0.8383144	0.8378323	0.7971131	0.8400807	0.8144162	0.8150577
Genetic_Information_Processing__Replication_and_Repair__Non_homologous_end_joining	0.003419863	0.003978888	0.007428987	0.002309768	0.005998383	0.014983442	0.003857771	0.004015244	0.001939223	0.002759000	0.002102073	0.004185444
Genetic_Information_Processing__Replication_and_Repair__Nucleotide_excision_repair	0.3965664	0.3800643	0.3663347	0.3860777	0.3674124	0.3987440	0.3961261	0.3835132	0.3863903	0.4066627	0.3719070	0.3919599
Genetic_Information_Processing__Transcription__Basal_transcription_factors	1.606647e-03	0.000000e+00	1.110877e-03	6.467351e-04	0.000000e+00	1.152572e-04	2.333143e-03	1.009547e-03	0.000000e+00	6.955462e-05	2.284862e-05	1.333823e-03
Genetic_Information_Processing__Transcription__RNA_polymerase	0.1674356	0.1614555	0.1650577	0.1610832	0.1766089	0.1735083	0.1611948	0.1672636	0.1658959	0.1595583	0.1849824	0.1540565
Genetic_Information_Processing__Transcription__Transcription_factors	2.031031	1.940571	2.028345	1.828851	2.002430	2.032654	1.893241	1.813973	1.950489	1.902435	1.994730	1.882231
Genetic_Information_Processing__Transcription__Transcription_machinery	1.0060594	1.0309921	1.0380679	1.0662582	0.9477445	0.9498119	1.0847728	0.9287604	0.9239476	1.0643016	0.8878060	1.1695785
Genetic_Information_Processing__Translation__Aminoacyl_tRNA_biosynthesis	1.188322	1.241206	1.185004	1.191794	1.251762	1.221312	1.223422	1.271548	1.233969	1.120734	1.285715	1.194898
Genetic_Information_Processing__Translation__RNA_transport	0.1408341	0.1724722	0.1620491	0.1531838	0.1758991	0.1631812	0.1587923	0.1703611	0.1743223	0.1755095	0.1821492	0.1385336
Genetic_Information_Processing__Translation__Ribosome	2.387018	2.332618	2.322658	2.292098	2.333737	2.280895	2.406718	2.420068	2.265498	2.226559	2.395998	2.437860
Genetic_Information_Processing__Translation__Ribosome_Biogenesis	1.447451	1.441669	1.490958	1.365928	1.538013	1.418471	1.464405	1.518680	1.466076	1.333316	1.668726	1.463778
Genetic_Information_Processing__Translation__Ribosome_biogenesis_in_eukaryotes	0.04884207	0.04694168	0.04378705	0.04460162	0.04528550	0.04637952	0.04714796	0.04873359	0.04691074	0.04326297	0.04752513	0.04898349
Genetic_Information_Processing__Translation__Translation_factors	0.5450435	0.5230743	0.5288930	0.5251489	0.5592691	0.5076621	0.5387250	0.5415302	0.5258066	0.5118988	0.5945439	0.5459474
Human_Diseases__Cancers__Bladder_cancer	2.295210e-05	4.599871e-05	1.388596e-04	2.309768e-05	0.000000e+00	1.152572e-04	0.000000e+00	0.000000e+00	7.156658e-04	0.000000e+00	9.139448e-05	0.000000e+00
Human_Diseases__Cancers__Pathways_in_cancer	0.04604191	0.04070886	0.04253732	0.04333125	0.04132474	0.04430489	0.04987381	0.05940267	0.04021580	0.04219647	0.04862186	0.04636184
Human_Diseases__Cancers__Prostate_cancer	0.04473364	0.04093885	0.04212074	0.04443994	0.04118737	0.04382081	0.04744827	0.04896303	0.03894607	0.04284565	0.04779931	0.04578691
Human_Diseases__Cancers__Renal_cell_carcinoma	0.0015148385	0.0010579703	0.0014348823	0.0014320562	0.0006181539	0.0005071319	0.0030492559	0.0108067429	0.0013851595	0.0003709580	0.0008453989	0.0008968808
Human_Diseases__Immune_System_Diseases__Primary_immunodeficiency	0.05168813	0.04261780	0.03559434	0.03718727	0.04173684	0.04437404	0.03649867	0.04985786	0.05187422	0.06021112	0.04693106	0.02759633
Human_Diseases__Infectious_Diseases__African_trypanosomiasis	0.0004590420	0.0004369877	0.0006017248	0.0003926606	0.0011447295	0.0037343348	0.0004389080	0.0002982753	0.0007849237	0.0010665042	0.0001370917	0.0005519266
Human_Diseases__Infectious_Diseases__Amoebiasis	0.0035575753	0.0098437240	0.0047212255	0.0142743667	0.0072117960	0.0116870849	0.0097483786	0.0049100700	0.0109196744	0.0100854200	0.0005940641	0.0036335170
Human_Diseases__Infectious_Diseases__Bacterial_invasion_of_epithelial_cells	8.721798e-04	1.011972e-03	3.980641e-03	2.309768e-05	2.289459e-04	6.223891e-04	2.310042e-05	2.064983e-04	3.047351e-03	3.709580e-04	2.284862e-04	4.599389e-05
Human_Diseases__Infectious_Diseases__Chagas_disease_American_trypanosomiasis	4.590420e-05	9.199742e-05	9.257305e-05	2.309768e-05	2.289459e-05	9.220580e-05	0.000000e+00	2.294425e-05	4.617198e-04	1.159244e-04	9.139448e-05	2.299694e-05
Human_Diseases__Infectious_Diseases__Epithelial_cell_signaling_in_Helicobacter_pylori_infection	0.09270353	0.10200214	0.09062902	0.10121404	0.09407387	0.09676998	0.10309719	0.10448813	0.10074727	0.10495792	0.09294818	0.09902484
Human_Diseases__Infectious_Diseases__Pertussis	0.0030985334	0.0045308730	0.0040269276	0.0115026450	0.0035028724	0.0008990065	0.0037653690	0.0052312895	0.0090266230	0.0114533276	0.0012109768	0.0066231197
Human_Diseases__Infectious_Diseases__Staphylococcus_aureus_infection	0.015699236	0.009038747	0.019394054	0.001732326	0.005448913	0.021253436	0.002310042	0.002661533	0.015028981	0.006630874	0.001416614	0.004921346
Human_Diseases__Infectious_Diseases__Tuberculosis	0.1570383	0.1600755	0.1629749	0.1488184	0.1698321	0.1545600	0.1639899	0.1717836	0.1589471	0.1390165	0.1810982	0.1724541
Human_Diseases__Infectious_Diseases__Vibrio_cholerae_infection	0	0	0	0	0	0	0	0	0	0	0	0
Human_Diseases__Infectious_Diseases__Vibrio_cholerae_pathogenic_cycle	0.07477794	0.06451319	0.06260252	0.06310286	0.07777292	0.06327623	0.06456568	0.06715783	0.06540262	0.07229044	0.08214079	0.07342924
Human_Diseases__Metabolic_Diseases__Type_I_diabetes_mellitus	0.04863550	0.04988560	0.04913315	0.05213147	0.04899442	0.05179661	0.05095953	0.04923837	0.04970414	0.04984748	0.04658834	0.05277798
Human_Diseases__Metabolic_Diseases__Type_II_diabetes_mellitus	0.05067823	0.05269152	0.05746472	0.04358532	0.06641721	0.05488550	0.04985071	0.05334539	0.05076610	0.04511776	0.08517965	0.05105321
Human_Diseases__Neurodegenerative_Diseases__Alzheimers_disease	0.04636324	0.04556172	0.04563851	0.04531765	0.04645312	0.04612595	0.04767927	0.04726516	0.04416350	0.04483955	0.04635985	0.05061627
Human_Diseases__Neurodegenerative_Diseases__Amyotrophic_lateral_sclerosis_ALS	0.005003558	0.008141772	0.009650740	0.010763519	0.025069577	0.009958226	0.004781788	0.008856481	0.007249002	0.011476512	0.037357493	0.003863486
Human_Diseases__Neurodegenerative_Diseases__Huntingtons_disease	0.02196516	0.01437460	0.01501998	0.01773902	0.02790851	0.01413054	0.00981768	0.01312411	0.01283581	0.01377181	0.03973375	0.01071658
Human_Diseases__Neurodegenerative_Diseases__Parkinsons_disease	1.836168e-04	2.299936e-05	0.000000e+00	2.078791e-04	0.000000e+00	1.613601e-04	0.000000e+00	0.000000e+00	0.000000e+00	0.000000e+00	6.854586e-05	4.369419e-04
Human_Diseases__Neurodegenerative_Diseases__Prion_diseases	0.004177282	0.005105857	0.006804119	0.004573341	0.022047491	0.007215104	0.003280260	0.008099321	0.005933100	0.006329471	0.037083310	0.002460673
Metabolism__Amino_Acid_Metabolism__Alanine_aspartate_and_glutamate_metabolism	1.080172	1.050220	1.075884	1.100535	1.055349	1.060874	1.108982	1.122892	1.058493	1.142736	1.101349	1.141798
Metabolism__Amino_Acid_Metabolism__Amino_acid_related_enzymes	1.477335	1.501536	1.452263	1.492665	1.470565	1.454385	1.511946	1.527078	1.502852	1.449518	1.466150	1.518120
Metabolism__Amino_Acid_Metabolism__Arginine_and_proline_metabolism	1.263582	1.272094	1.241474	1.322781	1.196242	1.297497	1.322314	1.239976	1.277048	1.390304	1.199118	1.360706
Metabolism__Amino_Acid_Metabolism__Cysteine_and_methionine_metabolism	1.0123023	0.9543582	0.9779880	0.9364031	1.0064691	0.9579721	0.9549253	0.9696470	0.9391613	0.9465457	1.0298330	1.0169018
Metabolism__Amino_Acid_Metabolism__Glycine_serine_and_threonine_metabolism	0.7780532	0.7991816	0.7977020	0.8019053	0.7889018	0.7781247	0.7863153	0.7859324	0.7840696	0.8657464	0.7769902	0.8161615
Metabolism__Amino_Acid_Metabolism__Histidine_metabolism	0.6706144	0.6751231	0.6270667	0.6525788	0.7442802	0.6436195	0.6707670	0.7558525	0.6411211	0.6319733	0.8312785	0.6764551
Metabolism__Amino_Acid_Metabolism__Lysine_biosynthesis	0.9038996	0.9097395	0.8901593	0.8807608	0.9491639	0.9251930	0.9392170	0.8636217	0.9144592	1.0017257	1.0145244	0.9203147
Metabolism__Amino_Acid_Metabolism__Lysine_degradation	0.12412495	0.11078789	0.10680616	0.10472488	0.12745419	0.11018593	0.10616955	0.12291236	0.10670346	0.09192802	0.13668044	0.12043499
Metabolism__Amino_Acid_Metabolism__Phenylalanine_metabolism	0.1656912	0.1646524	0.1476540	0.1768820	0.1575606	0.1788562	0.1738538	0.1913321	0.1507284	0.1622709	0.1646929	0.1867582
Metabolism__Amino_Acid_Metabolism__Phenylalanine_tyrosine_and_tryptophan_biosynthesis	0.7721545	0.9004938	0.8029786	0.8572473	0.8638587	0.9022337	0.8854161	0.8888374	0.9070948	0.9094962	0.8798775	0.7867714
Metabolism__Amino_Acid_Metabolism__Tryptophan_metabolism	0.11925911	0.11315683	0.11171253	0.11285527	0.10993982	0.11924515	0.10339749	0.11350522	0.11332914	0.10326543	0.09861464	0.10606190
Metabolism__Amino_Acid_Metabolism__Tyrosine_metabolism	0.3466226	0.3353996	0.3312495	0.3047046	0.3472194	0.3510736	0.3377282	0.3329440	0.3140388	0.3123234	0.3712215	0.3460580
Metabolism__Amino_Acid_Metabolism__Valine_leucine_and_isoleucine_biosynthesis	0.7532190	0.8381885	0.8129765	0.7788307	0.7801561	0.7825737	0.8271569	0.7098493	0.8114726	0.8095926	0.7358855	0.8298907
Metabolism__Amino_Acid_Metabolism__Valine_leucine_and_isoleucine_degradation	0.1936698	0.1771180	0.1642014	0.1743413	0.1558664	0.1610144	0.1598780	0.1719901	0.1623869	0.1245260	0.1145173	0.2013382
Metabolism__Biosynthesis_of_Other_Secondary_Metabolites__Butirosin_and_neomycin_biosynthesis	0.06988914	0.08486762	0.09153160	0.07121015	0.09199046	0.07680743	0.08168310	0.08298936	0.07419838	0.07013424	0.09223988	0.08920514
Metabolism__Biosynthesis_of_Other_Secondary_Metabolites__Flavone_and_flavonol_biosynthesis	0.0089054144	0.0061408278	0.0093267347	0.0077377231	0.0029534022	0.0027892254	0.0075538384	0.0058048958	0.0088650211	0.0012751680	0.0009824906	0.0100956581
Metabolism__Biosynthesis_of_Other_Secondary_Metabolites__Flavonoid_biosynthesis	0.002777204	0.004162883	0.014996834	0.005404857	0.003846291	0.011687085	0.005197595	0.017621186	0.001269730	0.001507017	0.011607099	0.003426545
Metabolism__Biosynthesis_of_Other_Secondary_Metabolites__Isoquinoline_alkaloid_biosynthesis	0.05132089	0.04192782	0.03577948	0.05005267	0.02614562	0.04543441	0.04197347	0.04260748	0.03887681	0.04887371	0.01213262	0.05335291
Metabolism__Biosynthesis_of_Other_Secondary_Metabolites__Novobiocin_biosynthesis	0.1412931	0.1318783	0.1231453	0.1327424	0.1181132	0.1329147	0.1348603	0.1345451	0.1242719	0.1306468	0.1083710	0.1444208
Metabolism__Biosynthesis_of_Other_Secondary_Metabolites__Penicillin_and_cephalosporin_biosynthesis	0.014345062	0.013477622	0.026776755	0.026770212	0.007852845	0.011733188	0.015338681	0.012711116	0.022324155	0.022674806	0.001896435	0.017523671
Metabolism__Biosynthesis_of_Other_Secondary_Metabolites__Phenylpropanoid_biosynthesis	0.1480640	0.1789810	0.2126634	0.1771361	0.2175444	0.1676532	0.1474962	0.1799747	0.2081433	0.1543185	0.2603829	0.1238385
Metabolism__Biosynthesis_of_Other_Secondary_Metabolites__Stilbenoid_diarylheptanoid_and_gingerol_biosynthesis	0.0010557966	0.0010809697	0.0044666496	0.0018478145	0.0006181539	0.0016597044	0.0003003055	0.0157856456	0.0002539459	0.0009042101	0.0106703054	0.0002529664
Metabolism__Biosynthesis_of_Other_Secondary_Metabolites__Streptomycin_biosynthesis	0.2658542	0.3229799	0.3285418	0.3441554	0.3077720	0.3017435	0.3043019	0.3116288	0.3242658	0.3596669	0.2862475	0.3018119
Metabolism__Biosynthesis_of_Other_Secondary_Metabolites__Tropane_piperidine_and_pyridine_alkaloid_biosynthesis	0.12226583	0.11419180	0.09671569	0.11045311	0.10858904	0.10970185	0.11238356	0.10923759	0.09818473	0.09784017	0.10115084	0.12919683
Metabolism__Biosynthesis_of_Other_Secondary_Metabolites__beta_Lactam_resistance	0.022378296	0.024172322	0.027864488	0.028340854	0.009730201	0.029828576	0.024255444	0.021819984	0.038576693	0.038185487	0.002856077	0.018075597
Metabolism__Carbohydrate_Metabolism__Amino_sugar_and_nucleotide_sugar_metabolism	1.555303	1.470970	1.585059	1.516432	1.827904	1.439448	1.425065	1.709622	1.561698	1.549376	2.061425	1.372527
Metabolism__Carbohydrate_Metabolism__Ascorbate_and_aldarate_metabolism	0.11163901	0.11375481	0.12643164	0.09726433	0.12198238	0.11332093	0.07685511	0.07569309	0.11134374	0.10502748	0.10428110	0.05976906
Metabolism__Carbohydrate_Metabolism__Butanoate_metabolism	0.6750212	0.6496628	0.6094547	0.6018332	0.5907720	0.6663252	0.6278926	0.5584860	0.5543870	0.5524955	0.5079934	0.7657062
Metabolism__Carbohydrate_Metabolism__C5_Branched_dibasic_acid_metabolism	0.2907572	0.3577550	0.3316429	0.3340156	0.3287892	0.3244492	0.3426486	0.2844170	0.3431502	0.3623100	0.2951128	0.3228311
Metabolism__Carbohydrate_Metabolism__Citrate_cycle_TCA_cycle	0.4718722	0.4714408	0.4524971	0.4943828	0.3895057	0.4502640	0.4940719	0.4196733	0.4062442	0.4949971	0.3073825	0.5772923
Metabolism__Carbohydrate_Metabolism__Fructose_and_mannose_metabolism	1.098740	1.158133	1.073084	1.046348	1.334984	1.168593	1.038918	1.205881	1.107989	1.270693	1.331069	0.925650
Metabolism__Carbohydrate_Metabolism__Galactose_metabolism	0.8168652	0.8542650	0.8588002	0.8796290	0.8990477	0.8596347	0.8083069	0.8630939	0.9144823	0.8985530	0.8919644	0.7883122
Metabolism__Carbohydrate_Metabolism__Glycolysis_Gluconeogenesis	1.201634	1.234306	1.301137	1.116611	1.511203	1.245585	1.194384	1.236328	1.220556	1.160890	1.743190	1.222058
Metabolism__Carbohydrate_Metabolism__Glyoxylate_and_dicarboxylate_metabolism	0.5092841	0.5067678	0.5298187	0.5162101	0.4557168	0.5255500	0.5206835	0.5520387	0.5172417	0.5933937	0.4402015	0.5236174
Metabolism__Carbohydrate_Metabolism__Inositol_phosphate_metabolism	0.06114439	0.10239313	0.08849984	0.10160670	0.09560781	0.10098840	0.07570009	0.07073713	0.08315574	0.10331180	0.05316874	0.06947377
Metabolism__Carbohydrate_Metabolism__Pentose_and_glucuronate_interconversions	0.5624412	0.5465567	0.6725663	0.5884596	0.4413619	0.5220462	0.5717124	0.5571782	0.5279997	0.6440758	0.3784645	0.6278166
Metabolism__Carbohydrate_Metabolism__Pentose_phosphate_pathway	0.9314880	0.9676979	1.0313795	0.9144834	0.9941060	1.0185974	0.9390091	0.9782741	0.9305733	0.9635402	0.9638233	0.9061256
Metabolism__Carbohydrate_Metabolism__Propanoate_metabolism	0.5085726	0.5540545	0.4835553	0.5039683	0.5825071	0.5619943	0.5124598	0.4843991	0.5091385	0.5237463	0.5660060	0.5266530
Metabolism__Carbohydrate_Metabolism__Pyruvate_metabolism	1.063876	1.140078	1.078939	1.071086	1.151026	1.162531	1.112655	1.022878	1.076500	1.148486	1.142522	1.148191
Metabolism__Carbohydrate_Metabolism__Starch_and_sucrose_metabolism	1.073309	1.137203	1.174405	1.101136	1.116455	1.118295	1.112262	1.107083	1.210422	1.187321	1.139643	1.074992
Metabolism__Energy_Metabolism__Carbon_fixation_in_photosynthetic_organisms	0.6195919	0.6756291	0.6612724	0.6490217	0.6684991	0.7006027	0.6577615	0.6631348	0.6373119	0.6588677	0.6239730	0.6446273
Metabolism__Energy_Metabolism__Carbon_fixation_pathways_in_prokaryotes	0.9404393	0.9476884	0.8388044	0.9608635	0.8604474	0.9060372	0.9701023	0.8554994	0.8517346	0.9510667	0.7695187	1.0521561
Metabolism__Energy_Metabolism__Methane_metabolism	1.281117	1.423890	1.326826	1.377315	1.389518	1.398209	1.374660	1.303119	1.367522	1.532822	1.341191	1.279826
Metabolism__Energy_Metabolism__Nitrogen_metabolism	0.6279924	0.6431540	0.6617816	0.7029548	0.6692776	0.6450487	0.6412447	0.6489782	0.6611828	0.7181051	0.6640723	0.6305302
Metabolism__Energy_Metabolism__Oxidative_phosphorylation	1.0306181	1.0936653	0.9763217	1.0881086	1.0425968	1.0140102	1.0922573	1.0470839	1.0552838	1.2685372	1.0301072	1.0634706
Metabolism__Energy_Metabolism__Photosynthesis	0.4282632	0.4499364	0.3828127	0.4067040	0.3958246	0.4272586	0.4612000	0.5180812	0.5020049	0.3952325	0.3698506	0.4396786
Metabolism__Energy_Metabolism__Photosynthesis_proteins	0.4288829	0.4513853	0.3847336	0.4096605	0.3974043	0.4287109	0.4627939	0.5184024	0.5032515	0.3972264	0.3701248	0.4403455
Metabolism__Energy_Metabolism__Sulfur_metabolism	0.2398265	0.2756933	0.2369639	0.2555296	0.2592812	0.2557558	0.2496463	0.2575033	0.2861047	0.2627542	0.2386767	0.2436756
Metabolism__Enzyme_Families__Peptidases	2.005715	1.817087	1.854655	1.867517	1.914881	1.826712	1.881945	2.043759	1.846995	1.929260	2.038440	1.922222
Metabolism__Enzyme_Families__Protein_kinases	0.2602768	0.3158271	0.3264820	0.3276175	0.2773222	0.3212681	0.2967249	0.2781761	0.3271978	0.2947261	0.2505580	0.2841962
Metabolism__Glycan_Biosynthesis_and_Metabolism__Glycosaminoglycan_degradation	0.05685235	0.04767766	0.06505571	0.06441943	0.13555887	0.02489557	0.04185797	0.07323805	0.05351333	0.06408299	0.23216482	0.05144416
Metabolism__Glycan_Biosynthesis_and_Metabolism__Glycosphingolipid_biosynthesis_ganglio_series	0.019991278	0.024126323	0.027262763	0.042892393	0.051146515	0.009474146	0.019889464	0.030814131	0.022762788	0.053093361	0.076931302	0.027504344
Metabolism__Glycan_Biosynthesis_and_Metabolism__Glycosphingolipid_biosynthesis_globo_series	0.07140398	0.09289440	0.09859030	0.11685117	0.10673458	0.07913563	0.08678829	0.08624744	0.09128201	0.14305067	0.11794457	0.08145517
Metabolism__Glycan_Biosynthesis_and_Metabolism__Glycosyltransferases	0.2423742	0.2763373	0.2595517	0.2903609	0.2307317	0.2542805	0.2370334	0.2681954	0.2989174	0.2933350	0.1789047	0.2429167
Metabolism__Glycan_Biosynthesis_and_Metabolism__Lipopolysaccharide_biosynthesis	0.036333173	0.054048484	0.041264437	0.122579392	0.033128473	0.017496050	0.047887178	0.061880649	0.042131936	0.088264814	0.007083072	0.071428506
Metabolism__Glycan_Biosynthesis_and_Metabolism__Lipopolysaccharide_biosynthesis_proteins	0.12178384	0.13861711	0.15422670	0.22494831	0.16516158	0.08376897	0.12245534	0.15898072	0.13135930	0.18077246	0.17981864	0.15897787
Metabolism__Glycan_Biosynthesis_and_Metabolism__N_Glycan_biosynthesis	0.008308660	0.017088521	0.007614133	0.023929197	0.012546236	0.007307309	0.012451128	0.008168154	0.016852774	0.018617454	0.001119582	0.008140918
Metabolism__Glycan_Biosynthesis_and_Metabolism__Other_glycan_degradation	0.2042966	0.2312585	0.2811906	0.3495834	0.2240007	0.2018154	0.2298492	0.2509183	0.2475511	0.3169604	0.2187984	0.2372825
Metabolism__Glycan_Biosynthesis_and_Metabolism__Peptidoglycan_biosynthesis	0.8601299	0.8485612	0.8830312	0.8213304	0.8389723	0.8202167	0.8676981	0.8895946	0.8473713	0.8169422	0.8652315	0.8781383
Metabolism__Lipid_Metabolism__Arachidonic_acid_metabolism	0.022722578	0.009291739	0.014094247	0.013720022	0.007143112	0.013876973	0.010626195	0.015946255	0.006718024	0.005865773	0.004798210	0.022651989
Metabolism__Lipid_Metabolism__Biosynthesis_of_unsaturated_fatty_acids	0.10440910	0.11062690	0.10152949	0.10701156	0.10458249	0.10640549	0.11226806	0.09514981	0.10644951	0.11330448	0.10277309	0.11509970
Metabolism__Lipid_Metabolism__Ether_lipid_metabolism	0.0019050242	0.0029439175	0.0077992794	0.0009932003	0.0020147240	0.0044950326	0.0014784271	0.0012848781	0.0020777393	0.0045674201	0.0004341238	0.0011958410
Metabolism__Lipid_Metabolism__Fatty_acid_biosynthesis	0.5210356	0.5328031	0.4485164	0.4923502	0.5389845	0.5075468	0.5359067	0.4199945	0.4932553	0.5197817	0.5632413	0.5549622
Metabolism__Lipid_Metabolism__Fatty_acid_metabolism	0.2311965	0.2180109	0.2050724	0.2118750	0.2001216	0.2248438	0.2238893	0.1899555	0.2023487	0.2196303	0.1657896	0.2435146
Metabolism__Lipid_Metabolism__Glycerolipid_metabolism	0.4268861	0.4565602	0.4517102	0.4036089	0.4404461	0.5085380	0.4091316	0.4154057	0.4330009	0.4631642	0.3983657	0.3690319
Metabolism__Lipid_Metabolism__Glycerophospholipid_metabolism	0.6020336	0.5678771	0.5948050	0.5501406	0.5923517	0.6163036	0.5855495	0.5972159	0.5942104	0.5826591	0.6344833	0.5804658
Metabolism__Lipid_Metabolism__Linoleic_acid_metabolism	0.06254447	0.07474790	0.06551858	0.07157971	0.06966824	0.07512467	0.07237363	0.08227809	0.06175503	0.08905310	0.06482153	0.06209175
Metabolism__Lipid_Metabolism__Lipid_biosynthesis_proteins	0.5647593	0.5570904	0.5078095	0.5726608	0.5248356	0.5581678	0.5996408	0.4717109	0.5253218	0.5870410	0.5019842	0.6255169
Metabolism__Lipid_Metabolism__Primary_bile_acid_biosynthesis	0.03029677	0.03960489	0.04036185	0.03875791	0.03860028	0.03215677	0.03592116	0.04692100	0.04284760	0.03171691	0.04087618	0.02727437
Metabolism__Lipid_Metabolism__Secondary_bile_acid_biosynthesis	0.03015906	0.03953589	0.04036185	0.03843454	0.03857739	0.03215677	0.03580566	0.04685216	0.04282452	0.03164735	0.04085333	0.02725138
Metabolism__Lipid_Metabolism__Sphingolipid_metabolism	0.17282931	0.18870971	0.21000196	0.25659214	0.14760143	0.16613180	0.19716211	0.17749674	0.18653482	0.26015747	0.09829476	0.20274105
Metabolism__Lipid_Metabolism__Steroid_hormone_biosynthesis	0.0041772820	0.0065778156	0.0065958298	0.0148980041	0.0045789181	0.0002535659	0.0058675075	0.0071815510	0.0016391055	0.0139804788	0.0002284862	0.0067611013
Metabolism__Lipid_Metabolism__Synthesis_and_degradation_of_ketone_bodies	0.04342537	0.02854220	0.03128969	0.02559223	0.02026171	0.03937188	0.02880623	0.03694025	0.02924995	0.02160830	0.01147001	0.04339523
Metabolism__Lipid_Metabolism__alpha_Linolenic_acid_metabolism	3.442815e-04	3.909890e-04	1.226593e-03	7.622235e-04	3.205243e-04	2.535659e-04	9.240169e-05	4.359408e-04	1.662191e-03	5.564370e-04	4.112752e-04	1.839755e-04
Metabolism__Metabolism_of_Cofactors_and_Vitamins__Biotin_metabolism	0.1235052	0.1366162	0.1124300	0.1396255	0.1341165	0.1364415	0.1344676	0.1442964	0.1613942	0.1986712	0.1521490	0.1098104
Metabolism__Metabolism_of_Cofactors_and_Vitamins__Folate_biosynthesis	0.3321169	0.3535691	0.2919523	0.3523089	0.2970802	0.3262472	0.3306364	0.3175714	0.3485985	0.4215010	0.2296286	0.3096308
Metabolism__Metabolism_of_Cofactors_and_Vitamins__Lipoic_acid_metabolism	0.021138883	0.013592619	0.014071104	0.020649327	0.010004936	0.012609143	0.010325889	0.011127962	0.011404480	0.018895672	0.003450142	0.015223976
Metabolism__Metabolism_of_Cofactors_and_Vitamins__Nicotinate_and_nicotinamide_metabolism	0.4149739	0.4198072	0.3835070	0.4108846	0.4121713	0.4105924	0.4235232	0.4475506	0.4095686	0.4031386	0.4076422	0.4189813
Metabolism__Metabolism_of_Cofactors_and_Vitamins__One_carbon_pool_by_folate	0.6175721	0.6026751	0.5869363	0.6173548	0.6488098	0.5731512	0.6249127	0.5945315	0.5801972	0.5851630	0.6641865	0.6564937
Metabolism__Metabolism_of_Cofactors_and_Vitamins__Pantothenate_and_CoA_biosynthesis	0.6437146	0.6732371	0.6269741	0.6543111	0.5956715	0.6324396	0.6780898	0.5947609	0.6651536	0.6774620	0.5252212	0.6758112
Metabolism__Metabolism_of_Cofactors_and_Vitamins__Porphyrin_and_chlorophyll_metabolism	1.1051206	0.9097855	0.9625051	1.0776916	0.6255031	1.0514227	1.0610255	0.7742309	1.0085808	1.1860222	0.3935903	1.0297801
Metabolism__Metabolism_of_Cofactors_and_Vitamins__Retinol_metabolism	0.013863068	0.019940441	0.027517339	0.018339559	0.012408868	0.022014134	0.021483394	0.014867876	0.014913551	0.019730327	0.003655779	0.021088197
Metabolism__Metabolism_of_Cofactors_and_Vitamins__Riboflavin_metabolism	0.2223370	0.1885947	0.1721859	0.2130761	0.1466627	0.1818068	0.2011354	0.2227199	0.2046804	0.2020330	0.1172134	0.2304984
Metabolism__Metabolism_of_Cofactors_and_Vitamins__Thiamine_metabolism	0.5377677	0.5426238	0.4924655	0.5141775	0.5505462	0.5419626	0.5372465	0.5567652	0.5663917	0.5403467	0.5592200	0.5286077
Metabolism__Metabolism_of_Cofactors_and_Vitamins__Ubiquinone_and_other_terpenoid_quinone_biosynthesis	0.03759554	0.06046530	0.04772141	0.08462990	0.06460853	0.06588104	0.03802330	0.06456513	0.06127022	0.09484932	0.04917023	0.04771866
Metabolism__Metabolism_of_Cofactors_and_Vitamins__Vitamin_B6_metabolism	0.1631665	0.1908486	0.1813275	0.1900708	0.1734494	0.1743151	0.1874368	0.1706593	0.1718983	0.1903014	0.1546166	0.2083983
Metabolism__Metabolism_of_Other_Amino_Acids__Cyanoamino_acid_metabolism	0.2842847	0.2893779	0.3456215	0.2940335	0.3410607	0.2830257	0.2640840	0.2999502	0.3251662	0.2701965	0.3903687	0.2606933
Metabolism__Metabolism_of_Other_Amino_Acids__D_Alanine_metabolism	0.12375772	0.10614202	0.12835253	0.10641102	0.10149172	0.10714314	0.10695496	0.11476715	0.10400240	0.08956317	0.10003126	0.12634521
Metabolism__Metabolism_of_Other_Amino_Acids__D_Arginine_and_D_ornithine_metabolism	0.0015836948	0.0007819781	0.0032632000	0.0031412846	0.0012134133	0.0003227203	0.0009933182	0.0108526314	0.0009465257	0.0003014034	0.0007768531	0.0006669114
Metabolism__Metabolism_of_Other_Amino_Acids__D_Glutamine_and_D_glutamate_metabolism	0.1584154	0.1427340	0.1402945	0.1477790	0.1414886	0.1397379	0.1418366	0.1423232	0.1392778	0.1392252	0.1419128	0.1575751
Metabolism__Metabolism_of_Other_Amino_Acids__Glutathione_metabolism	0.15286098	0.13788113	0.12967170	0.15385365	0.11793004	0.14365663	0.13820983	0.13773435	0.14659605	0.14089448	0.09477607	0.16015071
Metabolism__Metabolism_of_Other_Amino_Acids__Phosphonate_and_phosphinate_metabolism	0.06309532	0.06587015	0.07584047	0.06153222	0.09482939	0.05543874	0.05343128	0.05901262	0.05824596	0.04966200	0.12511904	0.07106055
Metabolism__Metabolism_of_Other_Amino_Acids__Selenocompound_metabolism	0.3697354	0.3612279	0.3519396	0.3576214	0.4038606	0.3861348	0.3462291	0.3694484	0.4042588	0.3612435	0.4390819	0.3359623
Metabolism__Metabolism_of_Other_Amino_Acids__Taurine_and_hypotaurine_metabolism	0.09890059	0.09425136	0.09507252	0.10444771	0.09661517	0.09361194	0.09487344	0.11022419	0.09703043	0.10375231	0.09566717	0.10622288
Metabolism__Metabolism_of_Other_Amino_Acids__beta_Alanine_metabolism	0.1601827	0.1782910	0.1273574	0.1780831	0.1636963	0.1819220	0.1634817	0.1505372	0.1961386	0.2025431	0.1320879	0.1435929
Metabolism__Metabolism_of_Terpenoids_and_Polyketides__Biosynthesis_of_ansamycins	0.1235052	0.1273704	0.1386744	0.1220481	0.1200592	0.1395304	0.1317417	0.1539330	0.1291200	0.1226480	0.1038698	0.1152607
Metabolism__Metabolism_of_Terpenoids_and_Polyketides__Biosynthesis_of_siderophore_group_nonribosomal_peptides	0.012348229	0.005864836	0.011502201	0.010463249	0.005632069	0.012516937	0.012497329	0.007846934	0.010134751	0.031832831	0.005735004	0.014810031
Metabolism__Metabolism_of_Terpenoids_and_Polyketides__Biosynthesis_of_vancomycin_group_antibiotics	0.05196355	0.05759039	0.05739529	0.06707566	0.04963547	0.05200407	0.05786656	0.05770479	0.06173194	0.06250642	0.04827913	0.05595156
Metabolism__Metabolism_of_Terpenoids_and_Polyketides__Carotenoid_biosynthesis	0.0005508504	0.0025529284	0.0096738837	0.0009470049	0.0025184050	0.0091744769	0.0021483394	0.0016978747	0.0011542996	0.0008346555	0.0011195824	0.0021617127
Metabolism__Metabolism_of_Terpenoids_and_Polyketides__Geraniol_degradation	0.009731690	0.013845612	0.009882173	0.019679224	0.012340184	0.009796866	0.010048684	0.008053433	0.014498003	0.015186092	0.002147770	0.011084527
Metabolism__Metabolism_of_Terpenoids_and_Polyketides__Limonene_and_pinene_degradation	0.08164062	0.08229169	0.08498206	0.06751452	0.11426690	0.06922350	0.06927817	0.06637772	0.06591051	0.05228189	0.12639856	0.07533799
Metabolism__Metabolism_of_Terpenoids_and_Polyketides__Polyketide_sugar_unit_biosynthesis	0.1683996	0.2058902	0.2034293	0.2328708	0.1881249	0.1945773	0.2017129	0.2078520	0.2209791	0.2394302	0.1869017	0.1904607
Metabolism__Metabolism_of_Terpenoids_and_Polyketides__Prenyltransferases	0.2827928	0.2748883	0.2608940	0.2860879	0.2821300	0.2664517	0.2844124	0.2845087	0.2663200	0.2806761	0.2697280	0.2951658
Metabolism__Metabolism_of_Terpenoids_and_Polyketides__Terpenoid_backbone_biosynthesis	0.5939315	0.5711660	0.5571972	0.5621514	0.5738529	0.5730360	0.5877441	0.6046040	0.5472073	0.5463052	0.5635612	0.6154902
Metabolism__Metabolism_of_Terpenoids_and_Polyketides__Tetracycline_biosynthesis	0.1789805	0.2041423	0.1562170	0.1621457	0.2138813	0.1893907	0.1885457	0.1446635	0.1829565	0.1909738	0.2250589	0.1779733
Metabolism__Metabolism_of_Terpenoids_and_Polyketides__Zeatin_biosynthesis	0.04654686	0.04816065	0.04457392	0.05065321	0.04771233	0.04536525	0.04943491	0.05031675	0.04617198	0.04924467	0.04725095	0.05291597
Metabolism__Nucleotide_Metabolism__Purine_metabolism	2.144552	2.081442	2.148898	2.126973	2.112804	2.120365	2.090034	2.133953	2.158933	2.181789	2.120215	2.089847
Metabolism__Nucleotide_Metabolism__Pyrimidine_metabolism	1.889302	1.798389	1.899483	1.807486	1.817968	1.760232	1.852192	1.847173	1.766425	1.766873	1.828941	1.919141
Metabolism__Xenobiotics_Biodegradation_and_Metabolism__Aminobenzoate_degradation	0.09125755	0.11014391	0.10437611	0.09751841	0.10618511	0.09264378	0.09480414	0.09391082	0.09296729	0.09649544	0.09475323	0.09946178
Metabolism__Xenobiotics_Biodegradation_and_Metabolism__Atrazine_degradation	0.011476049	0.019411456	0.014371966	0.028733515	0.013645176	0.012309474	0.016909510	0.009590697	0.019946297	0.024089084	0.003038866	0.017914619
Metabolism__Xenobiotics_Biodegradation_and_Metabolism__Benzoate_degradation	0.2574537	0.2334895	0.2480263	0.2057541	0.2569918	0.2450830	0.2436171	0.2123032	0.1983548	0.1941269	0.2851508	0.2802867
Metabolism__Xenobiotics_Biodegradation_and_Metabolism__Bisphenol_degradation	0.07477794	0.09001948	0.08033026	0.08287448	0.09954568	0.09114543	0.08184480	0.09746718	0.07399061	0.10428556	0.10480662	0.07678679
Metabolism__Xenobiotics_Biodegradation_and_Metabolism__Caprolactam_degradation	0.004636324	0.008440763	0.008933299	0.006883109	0.007555215	0.014476310	0.005359298	0.002569756	0.011219792	0.016484445	0.004158449	0.002161713
Metabolism__Xenobiotics_Biodegradation_and_Metabolism__Chloroalkane_and_chloroalkene_degradation	0.1849251	0.2105821	0.2077802	0.2031672	0.2164226	0.2214322	0.2061482	0.1889000	0.1941070	0.2499561	0.2042210	0.1591388
Metabolism__Xenobiotics_Biodegradation_and_Metabolism__Chlorocyclohexane_and_chlorobenzene_degradation	0.004292043	0.012235657	0.011687347	0.011571938	0.008699944	0.007722236	0.007045629	0.004565906	0.013551477	0.011036000	0.001393766	0.002276697
Metabolism__Xenobiotics_Biodegradation_and_Metabolism__Dioxin_degradation	0.07324015	0.07118300	0.06947607	0.06564361	0.07500268	0.08957793	0.07459127	0.05823251	0.07223607	0.07783162	0.09134878	0.07004869
Metabolism__Xenobiotics_Biodegradation_and_Metabolism__Drug_metabolism_cytochrome_P450	0.012531846	0.019480454	0.027864488	0.015013493	0.012019660	0.025679315	0.020328373	0.013605942	0.014567261	0.015997563	0.003998508	0.017592662
Metabolism__Xenobiotics_Biodegradation_and_Metabolism__Drug_metabolism_other_enzymes	0.3458193	0.3168161	0.3630484	0.3323063	0.3036967	0.2957731	0.3397148	0.2929752	0.2892213	0.3255388	0.2887380	0.3664333
Metabolism__Xenobiotics_Biodegradation_and_Metabolism__Ethylbenzene_degradation	0.04135968	0.04220382	0.04339362	0.03395359	0.04773522	0.03068148	0.04003303	0.02636295	0.02359388	0.02014766	0.04656549	0.04978838
Metabolism__Xenobiotics_Biodegradation_and_Metabolism__Fluorobenzoate_degradation	4.590420e-05	2.299936e-05	2.777191e-04	4.850513e-04	0.000000e+00	1.383087e-04	2.310042e-05	0.000000e+00	7.849237e-04	1.854790e-04	6.854586e-05	2.299694e-05
Metabolism__Xenobiotics_Biodegradation_and_Metabolism__Metabolism_of_xenobiotics_by_cytochrome_P450	0.012485942	0.019434455	0.027795058	0.014990395	0.011996765	0.022037186	0.020328373	0.013537109	0.014544175	0.015835269	0.004044206	0.017546668
Metabolism__Xenobiotics_Biodegradation_and_Metabolism__Naphthalene_degradation	0.1358535	0.1399281	0.1478392	0.1225794	0.1651387	0.1520013	0.1365235	0.1115091	0.1115977	0.1370690	0.1814180	0.1448347
Metabolism__Xenobiotics_Biodegradation_and_Metabolism__Nitrotoluene_degradation	0.09616929	0.10749899	0.08588465	0.09726433	0.08585471	0.10382373	0.10695496	0.08900075	0.10935835	0.13463456	0.06786040	0.10790166
Metabolism__Xenobiotics_Biodegradation_and_Metabolism__Polycyclic_aromatic_hydrocarbon_degradation	0.1252037	0.1203556	0.1102082	0.1098526	0.1348949	0.1116151	0.1236797	0.1505831	0.1260726	0.1050970	0.1669777	0.1224127
Metabolism__Xenobiotics_Biodegradation_and_Metabolism__Styrene_degradation	0.017535404	0.018675476	0.017519450	0.019402052	0.015293586	0.024157919	0.012890036	0.009475976	0.017222150	0.038649184	0.008796719	0.015959879
Metabolism__Xenobiotics_Biodegradation_and_Metabolism__Toluene_degradation	0.05056347	0.04581472	0.04221331	0.06532024	0.02543589	0.05177356	0.04964281	0.03528826	0.04358635	0.07386701	0.01512579	0.07080759
Metabolism__Xenobiotics_Biodegradation_and_Metabolism__Xylene_degradation	0.07177121	0.06975704	0.06575001	0.06543573	0.07518584	0.08872503	0.07433716	0.05791129	0.06916563	0.07778525	0.09091466	0.06931279
Organismal_Systems__Circulatory_System__Cardiac_muscle_contraction	1.606647e-04	2.299936e-05	0.000000e+00	1.847814e-04	0.000000e+00	0.000000e+00	0.000000e+00	0.000000e+00	0.000000e+00	0.000000e+00	4.569724e-05	3.219572e-04
Organismal_Systems__Digestive_System__Carbohydrate_digestion_and_absorption	0.004314995	0.011890667	0.011062479	0.003349164	0.004899442	0.013900024	0.009609776	0.010646133	0.007779979	0.001970714	0.002467651	0.013246239
Organismal_Systems__Digestive_System__Mineral_absorption	0.002111593	0.001908946	0.001550599	0.005843713	0.003617345	0.002282093	0.002379344	0.001078380	0.002608717	0.002434412	0.000662610	0.002299694
Organismal_Systems__Digestive_System__Protein_digestion_and_absorption	4.659276e-03	5.151856e-03	3.008624e-03	1.478252e-02	3.228137e-03	2.305145e-05	4.943491e-03	7.365105e-03	3.532157e-03	1.544113e-02	4.798210e-04	1.034862e-02
Organismal_Systems__Endocrine_System__Adipocytokine_signaling_pathway	0.039041520	0.045607721	0.040801572	0.066290344	0.030014808	0.036398239	0.059090883	0.035311204	0.032204959	0.054530823	0.008956659	0.066070218
Organismal_Systems__Endocrine_System__Insulin_signaling_pathway	0.07574193	0.09388337	0.10444554	0.08590027	0.07001166	0.09739237	0.10935740	0.08672927	0.08747282	0.09065286	0.05764707	0.10051964
Organismal_Systems__Endocrine_System__PPAR_signaling_pathway	0.08515229	0.09075546	0.08817583	0.11230092	0.06087672	0.08344625	0.10092575	0.07819401	0.07551428	0.10106286	0.02239165	0.11733040
Organismal_Systems__Endocrine_System__Progesterone_mediated_oocyte_maturation	0.04450412	0.03965089	0.04110243	0.04189919	0.04070658	0.04379775	0.04682456	0.04859593	0.03883064	0.04182551	0.04775362	0.04534997
Organismal_Systems__Environmental_Adaptation__Plant_pathogen_interaction	0.1665634	0.1656874	0.1520512	0.1649636	0.1321476	0.1767124	0.1713589	0.1690074	0.1713211	0.1492178	0.1151570	0.1686826
Organismal_Systems__Excretory_System__Proximal_tubule_bicarbonate_reclamation	0.023250476	0.016122548	0.016316000	0.018824610	0.008013107	0.011710136	0.020952084	0.011013241	0.005956186	0.012009765	0.003747174	0.030470950
Organismal_Systems__Immune_System__Antigen_processing_and_presentation	0.04450412	0.03965089	0.04110243	0.04189919	0.04070658	0.04379775	0.04682456	0.04859593	0.03883064	0.04182551	0.04775362	0.04534997
Organismal_Systems__Immune_System__NOD_like_receptor_signaling_pathway	0.04629438	0.04119184	0.04434249	0.04441684	0.04102711	0.04446625	0.04853399	0.04960547	0.04167022	0.04544235	0.04795925	0.04831658
Organismal_Systems__Immune_System__RIG_I_like_receptor_signaling_pathway	0.0019968326	0.0062558246	0.0044897929	0.0013165678	0.0056091747	0.0049099587	0.0010395190	0.0002982753	0.0055175522	0.0046369747	0.0003655779	0.0006209175
Organismal_Systems__Nervous_System__Glutamatergic_synapse	0.10647479	0.11002891	0.11111080	0.11883757	0.09961436	0.10119586	0.12005290	0.12357774	0.10746529	0.11958758	0.09884313	0.12192979
Unclassified__Cellular_Processes_and_Signaling__Cell_division	0.06350846	0.07334494	0.05989476	0.08296687	0.05636648	0.07042218	0.07163441	0.07273328	0.08098566	0.09167299	0.05099812	0.06278166
Unclassified__Cellular_Processes_and_Signaling__Cell_motility_and_secretion	0.11113406	0.10929294	0.10650529	0.12782257	0.10632248	0.11131545	0.11240666	0.10903109	0.11240570	0.10073828	0.08883543	0.12050398
Unclassified__Cellular_Processes_and_Signaling__Electron_transfer_carriers	0.021345452	0.012810641	0.020759506	0.015290665	0.017949359	0.047140214	0.010025584	0.007410994	0.012374092	0.009899941	0.005506517	0.010003670
Unclassified__Cellular_Processes_and_Signaling__Germination	0.03706764	0.05519845	0.04473593	0.05753632	0.04086684	0.04797007	0.05708115	0.04022127	0.05106622	0.05691886	0.01101303	0.05022532
Unclassified__Cellular_Processes_and_Signaling__Inorganic_ion_transport_and_metabolism	0.1465721	0.1432630	0.1399705	0.1664881	0.1643832	0.1827519	0.1310256	0.1492983	0.1634027	0.1659805	0.1654469	0.1286679
Unclassified__Cellular_Processes_and_Signaling__Membrane_and_intracellular_structural_molecules	0.3234180	0.3515911	0.3092171	0.4162202	0.3312847	0.2911859	0.3218351	0.3699302	0.3816115	0.4399330	0.3255471	0.3297072
Unclassified__Cellular_Processes_and_Signaling__Other_ion_coupled_transporters	1.225527	1.134696	1.142236	1.192834	1.166869	1.188487	1.169551	1.211158	1.146150	1.363897	1.195805	1.287691
Unclassified__Cellular_Processes_and_Signaling__Other_transporters	0.2898391	0.2656886	0.2689016	0.2606804	0.2767498	0.2850081	0.2757729	0.2733119	0.2506446	0.2842002	0.2942902	0.2850931
Unclassified__Cellular_Processes_and_Signaling__Pores_ion_channels	0.2055131	0.2084662	0.1812117	0.2727374	0.1822409	0.1566346	0.2007889	0.1889918	0.1940378	0.2555900	0.1467110	0.2299234
Unclassified__Cellular_Processes_and_Signaling__Signal_transduction_mechanisms	0.5450894	0.5196704	0.5346325	0.4825798	0.5367408	0.5204787	0.5442229	0.5394194	0.5289693	0.5234449	0.5942241	0.5378295
Unclassified__Cellular_Processes_and_Signaling__Sporulation	1.0918543	1.0762088	1.0070328	0.9459193	1.1030614	1.1057780	1.1267924	0.9062062	1.0002930	1.0712339	1.0822020	1.0715656
Unclassified__Genetic_Information_Processing__Protein_folding_and_associated_processing	0.5267277	0.5473157	0.5574055	0.6242148	0.5377481	0.5802511	0.5511068	0.5745929	0.5739870	0.6416877	0.5312304	0.5462464
Unclassified__Genetic_Information_Processing__Replication_recombination_and_repair_proteins	0.8816360	0.8509991	0.9971506	0.7999189	1.0906525	0.7934078	0.8622464	0.9242863	0.8626774	0.7854108	1.3947254	0.9447144
Unclassified__Genetic_Information_Processing__Restriction_enzyme	0.1811839	0.1868698	0.1976897	0.2053846	0.1749834	0.1507104	0.1986174	0.2187276	0.1757537	0.1978597	0.1483332	0.2245652
Unclassified__Genetic_Information_Processing__Transcription_related_proteins	0.0017214074	0.0052438530	0.0007868709	0.0024021588	0.0053573342	0.0032041515	0.0015939292	0.0003671080	0.0051481763	0.0016693109	0.0010053393	0.0015637921
Unclassified__Genetic_Information_Processing__Translation_proteins	0.9574927	0.9109125	0.9225599	0.8800678	0.9275743	0.8993754	0.9332571	0.8891127	0.8819542	0.8783589	0.9396952	0.9555460
Unclassified__Metabolism__Amino_acid_metabolism	0.2282586	0.2069482	0.1875530	0.2168872	0.2023882	0.1881920	0.1969542	0.1985596	0.2068505	0.2684345	0.2285090	0.2172521
Unclassified__Metabolism__Biosynthesis_and_biodegradation_of_secondary_metabolites	0.04539925	0.05660141	0.06996208	0.06890038	0.03560109	0.05313359	0.06343376	0.05258823	0.05478306	0.05439171	0.01297802	0.07204942
Unclassified__Metabolism__Carbohydrate_metabolism	0.14448346	0.18151091	0.15878592	0.19589143	0.13288020	0.18542586	0.19337364	0.18197087	0.17979371	0.20555709	0.07604021	0.15345860
Unclassified__Metabolism__Energy_metabolism	0.9057357	0.8852912	0.7915227	0.8939264	0.8581808	0.8615249	0.9210832	0.7976799	0.7860550	0.7967250	0.7281170	0.9877187
Unclassified__Metabolism__Glycan_biosynthesis_and_metabolism	0.023158668	0.016605534	0.016524289	0.024206369	0.010874931	0.013646458	0.021067586	0.011632736	0.011612254	0.007674193	0.004044206	0.028194252
Unclassified__Metabolism__Lipid_metabolism	0.1469164	0.1486218	0.1420071	0.1556784	0.1231271	0.1598849	0.1588154	0.1299792	0.1582083	0.1708957	0.1087137	0.1486982
Unclassified__Metabolism__Metabolism_of_cofactors_and_vitamins	0.10879295	0.10404908	0.07264670	0.10183767	0.08351947	0.10144943	0.09083086	0.07170079	0.10790393	0.11956439	0.04910168	0.09375854
Unclassified__Metabolism__Nucleotide_metabolism	0.04976015	0.04252581	0.03288658	0.03261393	0.05057415	0.04082412	0.02949924	0.05334539	0.03857669	0.02974619	0.03861417	0.03833590
Unclassified__Metabolism__Others	0.9727329	0.9416856	1.0394796	0.9180404	1.1788654	0.9201908	0.8892277	1.0469921	0.9702581	0.9213437	1.4131871	0.8418261
Unclassified__Poorly_Characterized__Function_unknown	1.048314	1.120299	1.105693	1.168281	1.156039	1.169607	1.075648	1.082487	1.181841	1.089249	1.113756	1.000781
Unclassified__Poorly_Characterized__General_function_prediction_only	3.715853	3.641787	3.657839	3.636476	3.962458	3.503659	3.686366	3.883613	3.674782	3.576846	4.225555	3.690204
